255 255 255 255 255 255 255 255 255 255 255 255 255 255 255 255
255 255 255 255 255 255 255 255 255 255 255 255 255 255 255 255
255 255   0   0   0   0   0   0   0   0   0   0   0   0 255 255
255 255   0   0   0   0   0   0   0   0   0   0   0   0 255 255
255 255   0   0   0   0   0   0   0   0   0   0   0   0 255 255
255 255   0   0   0  25   8   7 122 255 255   0   0   0 255 255
255 255   0   0   0  40  23  22 134 255 255   0   0   0 255 255
255 255   0   0   0 255  79  42  17  44 255   0   0   0 255 255
255 255   0   0   0 255  33  15  37 255 255   0   0   0 255 255
255 255   0   0   0 255 109  44  39 255 255   0   0   0 255 255
255 255   0   0   0 255  64  64  64 250 255   0   0   0 255 255
255 255   0   0   0   0   0   0   0   0   0   0   0   0 255 255
255 255   0   0   0   0   0   0   0   0   0   0   0   0 255 255
255 255   0   0   0   0   0   0   0   0   0   0   0   0 255 255
255 255 255 255 255 255 255 255 255 255 255 255 255 255 255 255
255 255 255 255 255 255 255 255 255 255 255 255 255 255 255 255
255 255 255 255 255 255 255 255 255 255 255 255 255 255 255 255
255 255 255 255 255 255 255 255 255 255 255 255 255 255 255 255
255 255   0   0   0   0   0   0   0   0   0   0   0   0 255 255
255 255   0   0   0   0   0   0   0   0   0   0   0   0 255 255
255 255   0   0   0   0   0   0   0   0   0   0   0   0 255 255
255 255   0   0   0  29  10   8 124 255 255   0   0   0 255 255
255 255   0   0   0  47  28  22 133 255 255   0   0   0 255 255
255 255   0   0   0 255  90  40  18  50 255   0   0   0 255 255
255 255   0   0   0 255  41  17  45 255 255   0   0   0 255 255
255 255   0   0   0 255 105  38  34 255 255   0   0   0 255 255
255 255   0   0   0 255  68  68  68 250 255   0   0   0 255 255
255 255   0   0   0   0   0   0   0   0   0   0   0   0 255 255
255 255   0   0   0   0   0   0   0   0   0   0   0   0 255 255
255 255   0   0   0   0   0   0   0   0   0   0   0   0 255 255
255 255 255 255 255 255 255 255 255 255 255 255 255 255 255 255
255 255 255 255 255 255 255 255 255 255 255 255 255 255 255 255
255 255 255 255 255 255 255 255 255 255 255 255 255 255 255 255
255 255 255 255 255 255 255 255 255 255 255 255 255 255 255 255
255 255   0   0   0   0   0   0   0   0   0   0   0   0 255 255
255 255   0   0   0   0   0   0   0   0   0   0   0   0 255 255
255 255   0   0   0   0   0   0   0   0   0   0   0   0 255 255
255 255   0   0   0  46  13   6 135 255 255   0   0   0 255 255
255 255   0   0   0 109  46  27 132 255 255   0   0   0 255 255
255 255   0   0   0 255 139  39  30 151 255   0   0   0 255 255
255 255   0   0   0 255  90  27 104 255 255   0   0   0 255 255
255 255   0   0   0 255 220 209 187 255 255   0   0   0 255 255
255 255   0   0   0 255  82  82  82 250 255   0   0   0 255 255
255 255   0   0   0   0   0   0   0   0   0   0   0   0 255 255
255 255   0   0   0   0   0   0   0   0   0   0   0   0 255 255
255 255   0   0   0   0   0   0   0   0   0   0   0   0 255 255
255 255 255 255 255 255 255 255 255 255 255 255 255 255 255 255
255 255 255 255 255 255 255 255 255 255 255 255 255 255 255 255

255 255 255 255 255 255 255 255 255 255 255 255 255 255 255 255
255 214 153 153 153 153 153 153 153 153 153 153 153 153 214 255
255 153   0   0   0   0   0   0   0   0   0   0   0   0 153 255
255 153   0   0   0   0   0   0   0   0   0   0   0   0 153 255
255 153   0   0  10  51  51  51  51  51  51  10   0   0 153 255
255 153   0   0  51 255 255 255 255 255 255  51   0   0 153 255
255 153   0   0  51 255 231 148 238 254 247  51   0   0 153 255
255 153   0   0  51 159  46  30  69  91 155  51   0   0 153 255
255 153   0   0  44  64  47  50  30  46 151  51   0   0 153 255
255 153   0   0  20   9  24  63  58 126 175  51   0   0 153 255
255 153   0   0  50 136 105 223 246 255 253  51   0   0 153 255
255 153   0   0  10  51  51  50  51  51  51  10   0   0 153 255
255 153   0   0   0   0   0   0   0   0   0   0   0   0 153 255
255 153   0   0   0   0   0   0   0   0   0   0   0   0 153 255
255 214 153 153 153 153 153 153 153 153 153 153 153 153 214 255
255 255 255 255 255 255 255 255 255 255 255 255 255 255 255 255
255 255 255 255 255 255 255 255 255 255 255 255 255 255 255 255
255 214 153 153 153 153 153 153 153 153 153 153 153 153 214 255
255 153   0   0   0   0   0   0   0   0   0   0   0   0 153 255
255 153   0   0   0   0   0   0   0   0   0   0   0   0 153 255
255 153   0   0  10  51  51  51  51  51  51  10   0   0 153 255
255 153   0   0  51 255 255 255 255 255 255  51   0   0 153 255
255 153   0   0  51 255 231 151 238 254 245  51   0   0 153 255
255 153   0   0  51 160  45  31  70  89 158  51   0   0 153 255
255 153   0   0  45  67  47  48  32  44 154  51   0   0 153 255
255 153   0   0  20  10  28  67  64 123 176  51   0   0 153 255
255 153   0   0  50 137 109 223 245 255 253  51   0   0 153 255
255 153   0   0  10  51  51  50  51  51  51  10   0   0 153 255
255 153   0   0   0   0   0   0   0   0   0   0   0   0 153 255
255 153   0   0   0   0   0   0   0   0   0   0   0   0 153 255
255 214 153 153 153 153 153 153 153 153 153 153 153 153 214 255
255 255 255 255 255 255 255 255 255 255 255 255 255 255 255 255
255 255 255 255 255 255 255 255 255 255 255 255 255 255 255 255
255 214 153 153 153 153 153 153 153 153 153 153 153 153 214 255
255 153   0   0   0   0   0   0   0   0   0   0   0   0 153 255
255 153   0   0   0   0   0   0   0   0   0   0   0   0 153 255
255 153   0   0  10  51  51  51  51  51  51  10   0   0 153 255
255 153   0   0  51 255 255 255 255 255 255  51   0   0 153 255
255 153   0   0  51 255 233 174 246 254 243  51   0   0 153 255
255 153   0   0  51 169  47  48 123 170 175  51   0   0 153 255
255 153   0   0  44  79  55  94  53 160 172  51   0   0 153 255
255 153   0   0  20  15  49  97 116 226 188  51   0   0 153 255
255 153   0   0  50 146 148 237 249 255 253  51   0   0 153 255
255 153   0   0  10  51  51  50  51  51  51  10   0   0 153 255
255 153   0   0   0   0   0   0   0   0   0   0   0   0 153 255
255 153   0   0   0   0   0   0   0   0   0   0   0   0 153 255
255 214 153 153 153 153 153 153 153 153 153 153 153 153 214 255
255 255 255 255 255 255 255 255 255 255 255 255 255 255 255 255

255 255 255 255 255 255 255 255 255 255 255 255 255 255 255 255
255 214 153 153 153 153 153 153 153 153 153 153 153 153 214 255
255 153   0   0   0   0   0   0   0   0   0   0   0   0 153 255
255 153   0   0   0   0   0   0   0   0   0   0   0   0 153 255
255 153   0   0  10  51  51  51  51  51  51  10   0   0 153 255
255 153   0   0  51 255 247 155 151 175 253  51   0   0 153 255
255 153   0   0  51 255 254  91  46 126 255  51   0   0 153 255
255 153   0   0  51 255 238  69  30  58 246  51   0   0 153 255
255 153   0   0  51 255 148  30  50  63 223  50   0   0 153 255
255 153   0   0  51 255 231  46  47  24 105  51   0   0 153 255
255 153   0   0  51 255 255 159  64   9 136  51   0   0 153 255
255 153   0   0  10  51  51  51  44  20  50  10   0   0 153 255
255 153   0   0   0   0   0   0   0   0   0   0   0   0 153 255
255 153   0   0   0   0   0   0   0   0   0   0   0   0 153 255
255 214 153 153 153 153 153 153 153 153 153 153 153 153 214 255
255 255 255 255 255 255 255 255 255 255 255 255 255 255 255 255
255 255 255 255 255 255 255 255 255 255 255 255 255 255 255 255
255 214 153 153 153 153 153 153 153 153 153 153 153 153 214 255
255 153   0   0   0   0   0   0   0   0   0   0   0   0 153 255
255 153   0   0   0   0   0   0   0   0   0   0   0   0 153 255
255 153   0   0  10  51  51  51  51  51  51  10   0   0 153 255
255 153   0   0  51 255 245 158 154 176 253  51   0   0 153 255
255 153   0   0  51 255 254  89  44 123 255  51   0   0 153 255
255 153   0   0  51 255 238  70  32  64 245  51   0   0 153 255
255 153   0   0  51 255 151  31  48  67 223  50   0   0 153 255
255 153   0   0  51 255 231  45  47  28 109  51   0   0 153 255
255 153   0   0  51 255 255 160  67  10 137  51   0   0 153 255
255 153   0   0  10  51  51  51  45  20  50  10   0   0 153 255
255 153   0   0   0   0   0   0   0   0   0   0   0   0 153 255
255 153   0   0   0   0   0   0   0   0   0   0   0   0 153 255
255 214 153 153 153 153 153 153 153 153 153 153 153 153 214 255
255 255 255 255 255 255 255 255 255 255 255 255 255 255 255 255
255 255 255 255 255 255 255 255 255 255 255 255 255 255 255 255
255 214 153 153 153 153 153 153 153 153 153 153 153 153 214 255
255 153   0   0   0   0   0   0   0   0   0   0   0   0 153 255
255 153   0   0   0   0   0   0   0   0   0   0   0   0 153 255
255 153   0   0  10  51  51  51  51  51  51  10   0   0 153 255
255 153   0   0  51 255 243 175 172 188 253  51   0   0 153 255
255 153   0   0  51 255 254 170 160 226 255  51   0   0 153 255
255 153   0   0  51 255 246 123  53 116 249  51   0   0 153 255
255 153   0   0  51 255 174  48  94  97 237  50   0   0 153 255
255 153   0   0  51 255 233  47  55  49 148  51   0   0 153 255
255 153   0   0  51 255 255 169  79  15 146  51   0   0 153 255
255 153   0   0  10  51  51  51  44  20  50  10   0   0 153 255
255 153   0   0   0   0   0   0   0   0   0   0   0   0 153 255
255 153   0   0   0   0   0   0   0   0   0   0   0   0 153 255
255 214 153 153 153 153 153 153 153 153 153 153 153 153 214 255
255 255 255 255 255 255 255 255 255 255 255 255 255 255 255 255

255 255 255 255 255 255 255 255 255 255 255 255 255 255 255 255
255 214 153 153 153 153 153 153 153 153 153 153 153 153 214 255
255 153   0   0   0   0   0   0   0   0   0   0   0   0 153 255
255 153   0   0   0   0   0   0   0   0   0   0   0   0 153 255
255 153   0   0  10  51  51  51  50  51  51  10   0   0 153 255
255 153   0   0  51 253 255 246 223 105 136  50   0   0 153 255
255 153   0   0  51 175 126  58  63  24   9  20   0   0 153 255
255 153   0   0  51 151  46  30  50  47  64  44   0   0 153 255
255 153   0   0  51 155  91  69  30  46 159  51   0   0 153 255
255 153   0   0  51 247 254 238 148 231 255  51   0   0 153 255
255 153   0   0  51 255 255 255 255 255 255  51   0   0 153 255
255 153   0   0  10  51  51  51  51  51  51  10   0   0 153 255
255 153   0   0   0   0   0   0   0   0   0   0   0   0 153 255
255 153   0   0   0   0   0   0   0   0   0   0   0   0 153 255
255 214 153 153 153 153 153 153 153 153 153 153 153 153 214 255
255 255 255 255 255 255 255 255 255 255 255 255 255 255 255 255
255 255 255 255 255 255 255 255 255 255 255 255 255 255 255 255
255 214 153 153 153 153 153 153 153 153 153 153 153 153 214 255
255 153   0   0   0   0   0   0   0   0   0   0   0   0 153 255
255 153   0   0   0   0   0   0   0   0   0   0   0   0 153 255
255 153   0   0  10  51  51  51  50  51  51  10   0   0 153 255
255 153   0   0  51 253 255 245 223 109 137  50   0   0 153 255
255 153   0   0  51 176 123  64  67  28  10  20   0   0 153 255
255 153   0   0  51 154  44  32  48  47  67  45   0   0 153 255
255 153   0   0  51 158  89  70  31  45 160  51   0   0 153 255
255 153   0   0  51 245 254 238 151 231 255  51   0   0 153 255
255 153   0   0  51 255 255 255 255 255 255  51   0   0 153 255
255 153   0   0  10  51  51  51  51  51  51  10   0   0 153 255
255 153   0   0   0   0   0   0   0   0   0   0   0   0 153 255
255 153   0   0   0   0   0   0   0   0   0   0   0   0 153 255
255 214 153 153 153 153 153 153 153 153 153 153 153 153 214 255
255 255 255 255 255 255 255 255 255 255 255 255 255 255 255 255
255 255 255 255 255 255 255 255 255 255 255 255 255 255 255 255
255 214 153 153 153 153 153 153 153 153 153 153 153 153 214 255
255 153   0   0   0   0   0   0   0   0   0   0   0   0 153 255
255 153   0   0   0   0   0   0   0   0   0   0   0   0 153 255
255 153   0   0  10  51  51  51  50  51  51  10   0   0 153 255
255 153   0   0  51 253 255 249 237 148 146  50   0   0 153 255
255 153   0   0  51 188 226 116  97  49  15  20   0   0 153 255
255 153   0   0  51 172 160  53  94  55  79  44   0   0 153 255
255 153   0   0  51 175 170 123  48  47 169  51   0   0 153 255
255 153   0   0  51 243 254 246 174 233 255  51   0   0 153 255
255 153   0   0  51 255 255 255 255 255 255  51   0   0 153 255
255 153   0   0  10  51  51  51  51  51  51  10   0   0 153 255
255 153   0   0   0   0   0   0   0   0   0   0   0   0 153 255
255 153   0   0   0   0   0   0   0   0   0   0   0   0 153 255
255 214 153 153 153 153 153 153 153 153 153 153 153 153 214 255
255 255 255 255 255 255 255 255 255 255 255 255 255 255 255 255
